4172894742
4172895019
4172895217
4172895373
4172895419
4172895946
4172896201
4172896247
4172896296
4172896336
4172896600
4172896689
4172896720
4172897033
4172897123
4172897128
4172898066
4172898530
4172898590
4172898738
4172898770
4172898878
4172898886
4172898890
4172899031
4172899311
4172899518
4172899659
4172899714
4172899806
4172900149
4172900558
4172901865
4172902809
4172903605
4172904056
4172904152
4172904865
4172905202
4172905398
4172905592
4172905956
4172866614
4172866988
4172875933
4172875937
4172875981
